m0 = -115.36104
m1 = 0.99953
m2 = 0.00094
n0 = -118.50001
n1 = 0.00090
n2 = -0.99940
RMS Error: 0.00050
